00006
00020
00048
00154
00225
00229
00257
00316
00345
00438
00444
00466
00575
00583
00586
00591
00634
00636
00655
00657
00667
00672
00683
00696
00706
00714
00717
00727
00737
00745
00748
00751
00752
00753
00783
00786
00787
00799
00814
00821
00840
00842
00849
00854
00859
00862
00867
00895
00898
00903
00913
00916
00919
00939
00952
00963
00974
00975
00977
00988
01018
01029
01037
01041
01044
01050
01069
01071
01082
01083
01087
01122
01143
01151
01152
01156
01161
01175
01194
01196
01221
01226
01236
01240
01246
01267
01276
01277
01278
01290
01299
01316
01319
01329
01345
01384
01401
01403
01404
01420
01424
01429
01430
01441
01446
01466
01472
01478
01482
01483
01488
01491
01495
01502
01505
01531
01534
01535
01550
01553
01569
01587
01594
01600
01605
01609
01615
01616
01619
01626
01629
01631
01641
01656
01660
01666
01677
01685
01686
01688
01690
01705
01710
01711
01719
01724
01727
01733
01751
01753
01755
01758
01759
01761
01770
01785
01790
01800
01803
01806
01816
01824
01832
01834
01840
01848
01855
01858
01863
01877
01891
01893
01903
01904
01918
01926
01937
01940
01948
01953
01957
01961
01975
01982
01983
02007
02020
02021
02027
02044
02045
02054
02058
02099
02101
02109
02121
02131
02132
02143
02158
02165
02172
02179
02189
02204
02216
02217
02220
02229
02245
02258
02259
02261
02266
02292
02295
02304
02323
02327
02329
02338
02344
02354
02362
02367
02376
02378
02381
02382
02386
02388
02398
02413
02414
02415
02452
02453
02455
02466
02471
02480
02488
02489
02494
02497
02512
02514
02529
02534
02541
02546
02553
02569
02579
02589
02590
02593
02598
02600
02608
02623
02625
02639
02658
02667
02676
02677
02678
02686
02715
02720
02723
02729
02735
02736
02738
02782
02784
02785
02787
02820
02826
02830
02831
02839
02842
02855
02878
02881
02894
02901
02903
02907
02910
02916
02923
02929
02935
02954
02962
02976
02989
03030
03038
03045
03101
03136
03144
03184
03190
03217
03307
03341
03356
03433
03435
03471
03643
03688
03722
03768
03811
03821
03930
03965
03996
04061
04095
04131
04166
04240
04259
04288
04290
04309
04448
04456
04492
04504
04536
04571
04603
04648
04662
04743
04876
04894
04986
04993
05025
05049
05056
05201
05252
05272
05330
05334
05388
05507
05525
05691
