VERI-1072
Cascade error: compilation aborted/continued after earlier errors; this module/construct was ignored as a follow-on.
----------------
04670 5
00222 4
00439 4
01485 4
01801 4
02015 4
02112 4
02549 4
02594 4
03361 4
03769 4
00077 3
00227 3
00407 3
00961 3
01509 3
01580 3
01805 3
02890 3
02956 3
03184 3
03456 3
04684 3
00011 2
00172 2
00243 2
00356 2
00415 2
00537 2
00737 2
00912 2
01055 2
01085 2
01086 2
01105 2
01112 2
01172 2
01315 2
01338 2
01437 2
01528 2
01655 2
01673 2
01773 2
01837 2
01841 2
01885 2
01895 2
01983 2
02069 2
02083 2
02466 2
02664 2
02698 2
02897 2
03181 2
03291 2
03992 2
04043 2
04086 2
04504 2
04703 2
00000 1
00010 1
00025 1
00030 1
00048 1
00058 1
00065 1
00070 1
00075 1
00076 1
00083 1
00088 1
00092 1
00095 1
00096 1
00103 1
00105 1
00106 1
00107 1
00113 1
00130 1
00144 1
00145 1
00149 1
00167 1
00179 1
00183 1
00184 1
00186 1
00212 1
00213 1
00224 1
00225 1
00230 1
00233 1
00236 1
00247 1
00248 1
00249 1
00251 1
00252 1
00260 1
00271 1
00272 1
00275 1
00280 1
00282 1
00284 1
00286 1
00293 1
00301 1
00307 1
00311 1
00314 1
00321 1
00323 1
00332 1
00341 1
00353 1
00355 1
00366 1
00383 1
00390 1
00392 1
00406 1
00412 1
00424 1
00425 1
00434 1
00446 1
00450 1
00454 1
00463 1
00468 1
00479 1
00485 1
00499 1
00503 1
00505 1
00517 1
00519 1
00546 1
00551 1
00553 1
00556 1
00558 1
00565 1
00567 1
00571 1
00577 1
00590 1
00600 1
00603 1
00614 1
00615 1
00619 1
00622 1
00625 1
00626 1
00636 1
00643 1
00644 1
00658 1
00664 1
00667 1
00668 1
00687 1
00690 1
00697 1
00699 1
00709 1
00724 1
00726 1
00730 1
00735 1
00740 1
00749 1
00753 1
00758 1
00767 1
00770 1
00780 1
00781 1
00782 1
00784 1
00792 1
00801 1
00812 1
00822 1
00833 1
00834 1
00836 1
00837 1
00851 1
00853 1
00864 1
00870 1
00886 1
00888 1
00890 1
00893 1
00902 1
00909 1
00917 1
00930 1
00931 1
00932 1
00936 1
00938 1
00939 1
00940 1
00944 1
00945 1
00950 1
00954 1
00957 1
00960 1
00971 1
00995 1
00999 1
01007 1
01010 1
01011 1
01014 1
01016 1
01017 1
01019 1
01022 1
01037 1
01039 1
01062 1
01064 1
01066 1
01075 1
01079 1
01082 1
01084 1
01091 1
01094 1
01096 1
01099 1
01100 1
01102 1
01108 1
01111 1
01120 1
01124 1
01126 1
01128 1
01132 1
01133 1
01139 1
01144 1
01161 1
01170 1
01174 1
01179 1
01188 1
01193 1
01197 1
01213 1
01216 1
01221 1
01225 1
01227 1
01230 1
01246 1
01262 1
01263 1
01273 1
01276 1
01277 1
01287 1
01291 1
01293 1
01295 1
01304 1
01326 1
01327 1
01333 1
01344 1
01345 1
01357 1
01360 1
01366 1
01374 1
01376 1
01391 1
01402 1
01403 1
01421 1
01426 1
01428 1
01435 1
01443 1
01447 1
01448 1
01449 1
01450 1
01461 1
01467 1
01475 1
01488 1
01494 1
01508 1
01527 1
01535 1
01537 1
01538 1
01545 1
01547 1
01557 1
01567 1
01570 1
01576 1
01583 1
01585 1
01587 1
01594 1
01596 1
01597 1
01604 1
01609 1
01625 1
01628 1
01649 1
01653 1
01658 1
01661 1
01662 1
01663 1
01665 1
01676 1
01686 1
01689 1
01694 1
01701 1
01706 1
01707 1
01715 1
01720 1
01721 1
01722 1
01724 1
01729 1
01732 1
01738 1
01740 1
01741 1
01742 1
01744 1
01748 1
01762 1
01763 1
01768 1
01785 1
01786 1
01792 1
01793 1
01797 1
01800 1
01803 1
01804 1
01812 1
01818 1
01821 1
01831 1
01834 1
01848 1
01849 1
01850 1
01856 1
01862 1
01863 1
01865 1
01867 1
01870 1
01873 1
01877 1
01887 1
01892 1
01898 1
01902 1
01917 1
01918 1
01920 1
01926 1
01930 1
01932 1
01950 1
01953 1
01957 1
01960 1
01971 1
01973 1
01974 1
01984 1
01986 1
01988 1
01994 1
02008 1
02023 1
02032 1
02034 1
02040 1
02045 1
02046 1
02054 1
02055 1
02060 1
02064 1
02068 1
02078 1
02100 1
02104 1
02105 1
02106 1
02111 1
02120 1
02123 1
02126 1
02143 1
02145 1
02146 1
02148 1
02153 1
02155 1
02159 1
02161 1
02165 1
02166 1
02171 1
02174 1
02175 1
02187 1
02192 1
02198 1
02200 1
02205 1
02213 1
02214 1
02215 1
02216 1
02219 1
02222 1
02228 1
02232 1
02233 1
02235 1
02236 1
02238 1
02241 1
02253 1
02261 1
02263 1
02271 1
02274 1
02281 1
02282 1
02294 1
02311 1
02312 1
02324 1
02325 1
02331 1
02337 1
02345 1
02346 1
02349 1
02356 1
02359 1
02363 1
02367 1
02373 1
02374 1
02379 1
02381 1
02384 1
02397 1
02411 1
02413 1
02416 1
02421 1
02423 1
02435 1
02440 1
02445 1
02446 1
02448 1
02449 1
02452 1
02454 1
02455 1
02460 1
02462 1
02464 1
02467 1
02474 1
02479 1
02487 1
02502 1
02503 1
02507 1
02519 1
02524 1
02525 1
02541 1
02548 1
02554 1
02560 1
02570 1
02575 1
02584 1
02589 1
02592 1
02601 1
02606 1
02607 1
02614 1
02629 1
02636 1
02637 1
02638 1
02647 1
02652 1
02670 1
02676 1
02682 1
02684 1
02687 1
02688 1
02699 1
02702 1
02708 1
02723 1
02725 1
02734 1
02746 1
02756 1
02757 1
02758 1
02759 1
02760 1
02761 1
02766 1
02767 1
02776 1
02781 1
02786 1
02787 1
02792 1
02801 1
02803 1
02804 1
02808 1
02814 1
02822 1
02826 1
02831 1
02840 1
02841 1
02846 1
02847 1
02848 1
02849 1
02856 1
02870 1
02871 1
02874 1
02880 1
02884 1
02894 1
02895 1
02896 1
02902 1
02903 1
02908 1
02909 1
02910 1
02911 1
02923 1
02924 1
02929 1
02933 1
02935 1
02937 1
02940 1
02944 1
02948 1
02959 1
02962 1
02965 1
02966 1
02968 1
02982 1
02990 1
03007 1
03010 1
03011 1
03019 1
03022 1
03029 1
03032 1
03033 1
03038 1
03042 1
03045 1
03048 1
03050 1
03053 1
03057 1
03059 1
03066 1
03069 1
03072 1
03081 1
03089 1
03099 1
03109 1
03111 1
03127 1
03134 1
03137 1
03141 1
03142 1
03146 1
03149 1
03156 1
03159 1
03170 1
03175 1
03176 1
03178 1
03187 1
03188 1
03190 1
03192 1
03197 1
03200 1
03207 1
03208 1
03212 1
03216 1
03221 1
03228 1
03230 1
03231 1
03240 1
03247 1
03250 1
03255 1
03257 1
03262 1
03264 1
03272 1
03275 1
03281 1
03283 1
03294 1
03297 1
03298 1
03319 1
03324 1
03326 1
03328 1
03330 1
03332 1
03335 1
03337 1
03339 1
03356 1
03359 1
03365 1
03367 1
03369 1
03372 1
03375 1
03378 1
03382 1
03385 1
03394 1
03395 1
03398 1
03401 1
03407 1
03411 1
03414 1
03416 1
03424 1
03432 1
03441 1
03445 1
03452 1
03453 1
03454 1
03457 1
03464 1
03467 1
03468 1
03470 1
03471 1
03472 1
03473 1
03476 1
03486 1
03488 1
03492 1
03497 1
03504 1
03507 1
03510 1
03515 1
03517 1
03518 1
03523 1
03528 1
03542 1
03545 1
03553 1
03554 1
03556 1
03562 1
03563 1
03565 1
03567 1
03573 1
03574 1
03576 1
03580 1
03587 1
03593 1
03602 1
03605 1
03610 1
03614 1
03619 1
03621 1
03622 1
03632 1
03633 1
03642 1
03650 1
03655 1
03659 1
03661 1
03678 1
03682 1
03685 1
03687 1
03694 1
03708 1
03713 1
03714 1
03742 1
03748 1
03749 1
03751 1
03757 1
03758 1
03759 1
03761 1
03771 1
03780 1
03785 1
03787 1
03788 1
03789 1
03790 1
03802 1
03808 1
03816 1
03817 1
03819 1
03820 1
03823 1
03836 1
03857 1
03860 1
03872 1
03873 1
03885 1
03886 1
03888 1
03896 1
03897 1
03903 1
03916 1
03919 1
03932 1
03936 1
03937 1
03951 1
03953 1
03962 1
03963 1
03973 1
03976 1
03979 1
03983 1
03984 1
03987 1
03988 1
03990 1
03991 1
04001 1
04002 1
04006 1
04010 1
04022 1
04036 1
04039 1
04042 1
04050 1
04053 1
04055 1
04057 1
04063 1
04064 1
04070 1
04071 1
04087 1
04088 1
04096 1
04112 1
04119 1
04126 1
04129 1
04143 1
04144 1
04151 1
04154 1
04155 1
04157 1
04166 1
04192 1
04193 1
04199 1
04204 1
04214 1
04237 1
04242 1
04253 1
04254 1
04262 1
04280 1
04287 1
04293 1
04297 1
04308 1
04309 1
04313 1
04317 1
04321 1
04322 1
04329 1
04336 1
04345 1
04349 1
04358 1
04371 1
04372 1
04378 1
04379 1
04383 1
04386 1
04399 1
04411 1
04413 1
04415 1
04418 1
04419 1
04425 1
04429 1
04431 1
04437 1
04443 1
04450 1
04454 1
04455 1
04459 1
04477 1
04478 1
04483 1
04486 1
04488 1
04491 1
04492 1
04499 1
04503 1
04505 1
04506 1
04507 1
04509 1
04512 1
04514 1
04517 1
04520 1
04522 1
04526 1
04530 1
04538 1
04541 1
04542 1
04544 1
04545 1
04555 1
04557 1
04561 1
04567 1
04569 1
04570 1
04572 1
04579 1
04588 1
04599 1
04604 1
04608 1
04610 1
04611 1
04621 1
04629 1
04630 1
04632 1
04641 1
04657 1
04659 1
04663 1
04668 1
04672 1
04673 1
04675 1
04678 1
04681 1
04698 1
04700 1
04710 1
04732 1
04736 1
04740 1
04741 1
04746 1
04752 1
04770 1
04780 1
04791 1
04793 1
04794 1
04797 1
