00007 19
00018 19
00043 19
00044 19
00055 19
00090 19
00109 19
00114 19
00123 19
00148 19
00190 19
00191 19
00194 19
00197 19
00198 19
00205 19
00207 19
00217 19
00235 19
00239 19
00261 19
00269 19
00274 19
00279 19
00283 19
00297 19
00329 19
00339 19
00342 19
00365 19
00368 19
00370 19
00381 19
00386 19
00399 19
00410 19
00411 19
00423 19
00429 19
00444 19
00447 19
00457 19
00470 19
00471 19
00497 19
00511 19
00512 19
00514 19
00515 19
00523 19
00524 19
00532 19
00545 19
00547 19
00548 19
00549 19
00574 19
00578 19
00581 19
00583 19
00617 19
00631 19
00632 19
00647 19
00649 19
00650 19
00679 19
00681 19
00703 19
00733 19
00734 19
00744 19
00752 19
00763 19
00776 19
00783 19
00810 19
00817 19
00827 19
00830 19
00841 19
00857 19
00858 19
00869 19
00873 19
00876 19
00878 19
00894 19
00896 19
00904 19
00910 19
00924 19
00926 19
00933 19
00934 19
00965 19
00982 19
00989 19
01002 19
01015 19
01025 19
01031 19
01033 19
01048 19
01049 19
01059 19
01065 19
01069 19
01117 19
01130 19
01137 19
01156 19
01189 19
01212 19
01215 19
01233 19
01240 19
01250 19
01257 19
01271 19
01280 19
01285 19
01286 19
01302 19
01320 19
01325 19
01329 19
01334 19
01339 19
01351 19
01355 19
01364 19
01367 19
01375 19
01377 19
01385 19
01389 19
01397 19
01427 19
01429 19
01436 19
01441 19
01445 19
01473 19
01477 19
01487 19
01493 19
01501 19
01502 19
01506 19
01507 19
01514 19
01523 19
01532 19
01534 19
01546 19
01548 19
01552 19
01555 19
01558 19
01561 19
01563 19
01568 19
01573 19
01578 19
01581 19
01618 19
01623 19
01634 19
01635 19
01641 19
01643 19
01645 19
01664 19
01668 19
01677 19
01718 19
01726 19
01728 19
01737 19
01769 19
01770 19
01774 19
01813 19
01823 19
01839 19
01843 19
01847 19
01875 19
01878 19
01879 19
01886 19
01894 19
01900 19
01910 19
01911 19
01915 19
01948 19
01956 19
01964 19
01968 19
01976 19
01989 19
01991 19
01997 19
01999 19
02009 19
02017 19
02018 19
02021 19
02022 19
02036 19
02038 19
02044 19
02048 19
02067 19
02082 19
02084 19
02088 19
02091 19
02094 19
02095 19
02096 19
02108 19
02116 19
02119 19
02157 19
02168 19
02173 19
02179 19
02182 19
02186 19
02207 19
02211 19
02224 19
02231 19
02245 19
02255 19
02260 19
02266 19
02284 19
02296 19
02297 19
02299 19
02302 19
02323 19
02335 19
02336 19
02344 19
02360 19
02380 19
02382 19
02418 19
02430 19
02431 19
02439 19
02443 19
02471 19
02473 19
02485 19
02497 19
02509 19
02522 19
02534 19
02542 19
02547 19
02552 19
02568 19
02593 19
02604 19
02622 19
02640 19
02641 19
02666 19
02668 19
02673 19
02695 19
02703 19
02709 19
02724 19
02727 19
02742 19
02750 19
02754 19
02790 19
02806 19
02824 19
02827 19
02834 19
02843 19
02855 19
02860 19
02863 19
02869 19
02882 19
02886 19
02893 19
02930 19
02931 19
02936 19
02949 19
02950 19
02954 19
02970 19
02971 19
02976 19
02979 19
02987 19
02989 19
03001 19
03002 19
03004 19
03027 19
03034 19
03047 19
03058 19
03070 19
03071 19
03093 19
03102 19
03107 19
03110 19
03112 19
03113 19
03124 19
03131 19
03135 19
03182 19
03206 19
03211 19
03223 19
03224 19
03225 19
03229 19
03239 19
03242 19
03265 19
03270 19
03271 19
03284 19
03285 19
03287 19
03289 19
03290 19
03293 19
03309 19
03313 19
03325 19
03342 19
03344 19
03373 19
03377 19
03380 19
03387 19
03391 19
03400 19
03408 19
03418 19
03442 19
03448 19
03455 19
03462 19
03466 19
03483 19
03496 19
03503 19
03511 19
03514 19
03555 19
03564 19
03588 19
03592 19
03594 19
03599 19
03609 19
03615 19
03623 19
03635 19
03641 19
03652 19
03657 19
03662 19
03664 19
03665 19
03688 19
03691 19
03709 19
03723 19
03724 19
03730 19
03737 19
03740 19
03745 19
03750 19
03756 19
03775 19
03782 19
03795 19
03796 19
03806 19
03814 19
03821 19
03827 19
03830 19
03856 19
03858 19
03859 19
03862 19
03882 19
03887 19
03901 19
03926 19
03933 19
03940 19
03946 19
03966 19
03969 19
03982 19
04008 19
04021 19
04025 19
04030 19
04058 19
04074 19
04083 19
04106 19
04107 19
04116 19
04125 19
04131 19
04132 19
04136 19
04145 19
04148 19
04163 19
04182 19
04194 19
04200 19
04201 19
04213 19
04234 19
04235 19
04258 19
04261 19
04265 19
04272 19
04279 19
04292 19
04295 19
04312 19
04346 19
04354 19
04363 19
04376 19
04392 19
04398 19
04401 19
04402 19
04410 19
04424 19
04436 19
04444 19
04457 19
04461 19
04462 19
04475 19
04479 19
04513 19
04528 19
04533 19
04543 19
04549 19
04564 19
04573 19
04586 19
04589 19
04595 19
04597 19
04603 19
04627 19
04634 19
04635 19
04642 19
04655 19
04660 19
04666 19
04671 19
04697 19
04709 19
04721 19
04731 19
04742 19
04743 19
04766 19
04783 19
04786 19
04787 19
04796 19
00102 18
00103 18
00119 18
00193 18
00232 18
00240 18
00464 18
00484 18
00519 18
00564 18
00651 18
00656 18
00699 18
00725 18
00980 18
01119 18
01202 18
01239 18
01305 18
01356 18
01444 18
01539 18
01811 18
01846 18
01873 18
01966 18
02123 18
02140 18
02160 18
02349 18
02445 18
02513 18
02519 18
02544 18
02600 18
02658 18
02711 18
02771 18
02941 18
03147 18
03236 18
03269 18
03345 18
03370 18
03463 18
03748 18
03919 18
03948 18
03988 18
04199 18
04405 18
04520 18
00414 17
00543 17
00603 17
00751 17
00875 17
00949 17
01078 17
01160 17
01217 17
01287 17
01296 17
01310 17
01319 17
01331 17
01399 17
01410 17
01734 17
01747 17
01838 17
01996 17
02100 17
02454 17
02558 17
02573 17
02597 17
02627 17
02674 17
02681 17
02715 17
02877 17
02985 17
03005 17
03101 17
03164 17
03185 17
03432 17
03494 17
03568 17
03598 17
03625 17
03629 17
03797 17
03829 17
03905 17
04065 17
04256 17
04269 17
04409 17
04455 17
04550 17
04587 17
04639 17
04781 17
04804 17
00385 16
00655 16
00882 16
01190 16
01926 16
03158 16
03272 16
03336 16
03422 16
03480 16
04517 16
00005 15
00237 15
00372 15
00398 15
00518 15
00941 15
00962 15
01026 15
01232 15
01307 15
01876 15
02081 15
02320 15
02426 15
02991 15
03427 15
03626 15
04087 15
04188 15
04300 15
04329 15
04344 15
04615 15
04790 15
01322 14
02982 14
03434 14
00460 13
01120 13
01152 13
01591 13
01762 13
02061 13
02248 13
02480 13
02729 13
02766 13
03159 13
04290 13
04758 13
04767 13
00321 12
00844 12
01615 12
01905 12
01920 12
02486 12
02515 12
03243 12
03330 12
03582 12
04195 12
04225 12
04523 12
00307 11
00420 11
00742 11
01070 11
01447 11
01553 11
01583 11
03016 11
03347 11
00944 10
02457 10
02483 10
03416 10
01039 9
01417 9
02219 9
02602 9
02653 9
03191 9
01380 8
01760 8
01939 8
04386 8
04492 8
00224 7
01066 7
01304 7
02549 7
03196 7
01780 6
01786 6
02372 6
02449 6
02847 6
03495 6
03587 6
04064 6
00172 5
00249 5
01004 5
01336 5
01475 5
02614 5
02867 5
00025 4
00957 4
01277 4
01291 4
01902 4
02126 4
02570 4
03375 4
03721 4
04435 4
04752 4
00908 3
01676 3
01801 3
02734 3
02966 3
00095 2
01104 2
02337 2
03247 2
04119 2
04504 2
04770 2
00058 1
00233 1
00314 1
00565 1
00749 1
01126 1
01467 1
01509 1
01671 1
01700 1
02241 1
02281 1
02346 1
02503 1
02594 1
02776 1
03022 1
03050 1
03378 1
03385 1
03435 1
03476 1
03605 1
03659 1
03897 1
03932 1
04383 1
04611 1
04630 1
04663 1
04681 1
