VERI-2344
Keyword in wrong context: reserved SV keyword used where an identifier/expression was expected.
----------------
00039 9
00618 9
04128 9
04328 9
00963 8
01200 8
01617 8
01670 8
02350 8
02626 8
03872 8
04480 8
00067 7
00338 7
00675 7
01053 7
01259 7
01569 7
02529 7
02730 7
02905 7
03026 7
03885 7
04570 7
00231 6
01104 6
01323 6
01582 6
01671 6
01787 6
02262 6
02475 6
02489 6
02643 6
02850 6
03196 6
03306 6
03521 6
03529 6
03999 6
04053 6
04404 6
04494 6
04529 6
00320 5
00428 5
00779 5
00885 5
00959 5
01425 5
01919 5
02189 5
02301 5
02496 5
03024 5
03379 5
03658 5
04103 5
04237 5
04325 5
04391 5
04649 5
00172 4
00201 4
00314 4
00420 4
00480 4
00746 4
01040 4
01775 4
01884 4
01950 4
01963 4
02251 4
02343 4
02483 4
02532 4
02779 4
03016 4
03022 4
03038 4
03108 4
03371 4
03528 4
04435 4
04466 4
00100 3
00697 3
00844 3
01064 3
01545 3
01662 3
01706 3
01755 3
02016 3
02161 3
02463 3
02516 3
02716 3
02937 3
03097 3
03168 3
03456 3
03922 3
04112 3
04171 3
04317 3
00011 2
00030 2
00076 2
00088 2
00095 2
00180 2
00294 2
00402 2
00503 2
00546 2
00596 2
00619 2
00944 2
00967 2
01004 2
01086 2
01152 2
01208 2
01242 2
01344 2
01597 2
01603 2
01716 2
01812 2
01972 2
02040 2
02089 2
02187 2
02212 2
02221 2
02337 2
02346 2
02428 2
02457 2
02645 2
02676 2
02723 2
02734 2
02769 2
02781 2
02804 2
02840 2
02911 2
02935 2
02956 2
03011 2
03050 2
03191 2
03195 2
03385 2
03587 2
03605 2
03650 2
03721 2
03767 2
03789 2
03851 2
03916 2
04031 2
04037 2
04394 2
04408 2
04484 2
04545 2
04572 2
04611 2
04682 2
04700 2
00082 1
00083 1
00149 1
00218 1
00226 1
00236 1
00248 1
00282 1
00284 1
00292 1
00301 1
00332 1
00372 1
00414 1
00415 1
00439 1
00506 1
00543 1
00551 1
00565 1
00567 1
00590 1
00622 1
00659 1
00673 1
00698 1
00726 1
00749 1
00773 1
00801 1
00833 1
00837 1
00851 1
00871 1
00875 1
00903 1
00930 1
00945 1
00949 1
00999 1
01091 1
01100 1
01114 1
01144 1
01159 1
01160 1
01179 1
01213 1
01216 1
01221 1
01246 1
01248 1
01273 1
01277 1
01296 1
01310 1
01314 1
01331 1
01337 1
01399 1
01443 1
01447 1
01461 1
01467 1
01509 1
01538 1
01576 1
01591 1
01596 1
01604 1
01661 1
01665 1
01673 1
01698 1
01700 1
01715 1
01734 1
01741 1
01744 1
01760 1
01777 1
01800 1
01824 1
01831 1
01834 1
01837 1
01864 1
01865 1
01912 1
01996 1
02012 1
02041 1
02061 1
02111 1
02130 1
02175 1
02192 1
02200 1
02227 1
02232 1
02261 1
02263 1
02281 1
02345 1
02370 1
02379 1
02384 1
02421 1
02467 1
02487 1
02506 1
02525 1
02558 1
02573 1
02606 1
02607 1
02637 1
02670 1
02674 1
02681 1
02699 1
02702 1
02708 1
02758 1
02759 1
02785 1
02808 1
02846 1
02849 1
02877 1
02878 1
02895 1
02929 1
02939 1
02955 1
02965 1
02990 1
03069 1
03146 1
03164 1
03170 1
03178 1
03180 1
03188 1
03197 1
03208 1
03231 1
03237 1
03240 1
03247 1
03255 1
03260 1
03264 1
03275 1
03297 1
03298 1
03330 1
03337 1
03356 1
03359 1
03364 1
03365 1
03395 1
03406 1
03427 1
03471 1
03472 1
03476 1
03477 1
03488 1
03562 1
03567 1
03573 1
03574 1
03580 1
03598 1
03619 1
03659 1
03684 1
03714 1
03726 1
03749 1
03785 1
03808 1
03818 1
03823 1
03857 1
03867 1
03886 1
03932 1
03962 1
03972 1
03989 1
03992 1
04010 1
04036 1
04126 1
04144 1
04193 1
04238 1
04250 1
04253 1
04256 1
04269 1
04281 1
04290 1
04321 1
04322 1
04329 1
04336 1
04344 1
04345 1
04356 1
04372 1
04399 1
04409 1
04411 1
04419 1
04460 1
04478 1
04491 1
04499 1
04522 1
04541 1
04544 1
04550 1
04587 1
04633 1
04641 1
04657 1
04663 1
04668 1
04673 1
04675 1
04698 1
04732 1
04733 1
04740 1
04741 1
04770 1
04778 1
04781 1
04791 1
04797 1
04801 1
04804 1
