00000
00005
00006
00007
00010
00011
00012
00013
00016
00017
00018
00021
00024
00025
00026
00028
00030
00039
00041
00043
00044
00048
00055
00058
00059
00065
00067
00070
00075
00076
00077
00082
00083
00086
00088
00090
00091
00092
00095
00096
00097
00098
00100
00102
00103
00105
00106
00107
00108
00109
00110
00113
00114
00118
00119
00120
00123
00124
00130
00131
00135
00140
00143
00144
00145
00148
00149
00150
00156
00166
00167
00171
00172
00179
00180
00183
00184
00186
00190
00191
00193
00194
00196
00197
00198
00199
00201
00203
00205
00207
00212
00213
00217
00218
00220
00222
00224
00225
00226
00227
00230
00231
00232
00233
00235
00236
00237
00239
00240
00242
00243
00247
00248
00249
00250
00251
00252
00253
00256
00257
00260
00261
00264
00266
00269
00270
00271
00272
00274
00275
00279
00280
00282
00283
00284
00286
00288
00290
00292
00293
00294
00295
00297
00301
00307
00311
00312
00314
00315
00320
00321
00323
00324
00328
00329
00332
00337
00338
00339
00341
00342
00344
00346
00348
00349
00353
00354
00355
00356
00358
00359
00365
00366
00367
00368
00370
00372
00378
00381
00383
00385
00386
00387
00389
00390
00391
00392
00394
00398
00399
00402
00406
00407
00408
00410
00411
00412
00414
00415
00418
00420
00423
00424
00425
00428
00429
00434
00435
00439
00441
00444
00446
00447
00450
00451
00454
00456
00457
00460
00463
00464
00468
00470
00471
00477
00479
00480
00484
00485
00497
00499
00503
00505
00506
00511
00512
00514
00515
00517
00518
00519
00521
00523
00524
00528
00532
00537
00543
00545
00546
00547
00548
00549
00551
00553
00556
00557
00558
00559
00564
00565
00567
00571
00572
00574
00577
00578
00581
00583
00585
00586
00590
00592
00596
00600
00601
00603
00611
00614
00615
00617
00618
00619
00621
00622
00625
00626
00631
00632
00636
00639
00642
00643
00644
00647
00649
00650
00651
00655
00656
00658
00659
00662
00663
00664
00667
00668
00671
00673
00674
00675
00679
00681
00686
00687
00689
00690
00696
00697
00698
00699
00700
00701
00703
00704
00707
00709
00710
00715
00719
00724
00725
00726
00730
00733
00734
00735
00737
00740
00742
00743
00744
00746
00749
00751
00752
00753
00758
00761
00763
00767
00770
00773
00776
00779
00780
00781
00782
00783
00784
00787
00792
00796
00797
00801
00802
00810
00812
00815
00817
00822
00827
00829
00830
00833
00834
00836
00837
00841
00844
00847
00851
00853
00854
00857
00858
00864
00869
00870
00871
00873
00875
00876
00878
00882
00883
00885
00886
00888
00890
00891
00893
00894
00896
00902
00903
00904
00906
00908
00909
00910
00912
00917
00918
00924
00926
00927
00928
00930
00931
00932
00933
00934
00936
00937
00938
00939
00940
00941
00944
00945
00947
00949
00950
00953
00954
00956
00957
00959
00960
00961
00962
00963
00965
00967
00971
00980
00982
00989
00995
00999
01002
01004
01007
01010
01011
01014
01015
01016
01017
01019
01022
01025
01026
01029
01031
01033
01037
01038
01039
01040
01042
01048
01049
01053
01055
01059
01062
01063
01064
01065
01066
01069
01070
01072
01073
01075
01078
01079
01082
01084
01085
01086
01087
01091
01094
01096
01099
01100
01101
01102
01104
01105
01108
01111
01112
01114
01115
01117
01119
01120
01121
01122
01124
01126
01128
01130
01132
01133
01137
01139
01140
01144
01145
01152
01156
01159
01160
01161
01170
01172
01174
01179
01187
01188
01189
01190
01192
01193
01196
01197
01200
01202
01208
01212
01213
01215
01216
01217
01218
01221
01223
01225
01227
01230
01232
01233
01239
01240
01241
01242
01246
01248
01250
01257
01259
01262
01263
01271
01273
01276
01277
01278
01279
01280
01285
01286
01287
01291
01293
01295
01296
01298
01299
01302
01304
01305
01307
01310
01311
01312
01314
01315
01316
01319
01320
01322
01323
01325
01326
01327
01328
01329
01331
01333
01334
01335
01336
01337
01338
01339
01341
01342
01344
01345
01349
01350
01351
01353
01355
01356
01357
01360
01364
01366
01367
01370
01371
01374
01375
01376
01377
01380
01385
01389
01391
01395
01397
01399
01402
01403
01405
01409
01410
01413
01417
01419
01421
01422
01425
01426
01427
01428
01429
01435
01436
01437
01438
01440
01441
01443
01444
01445
01447
01448
01449
01450
01461
01462
01464
01465
01467
01470
01473
01475
01477
01478
01485
01486
01487
01488
01493
01494
01498
01499
01501
01502
01506
01507
01508
01509
01511
01514
01515
01523
01526
01527
01528
01530
01532
01533
01534
01535
01537
01538
01539
01543
01545
01546
01547
01548
01552
01553
01555
01557
01558
01560
01561
01562
01563
01567
01568
01569
01570
01572
01573
01576
01578
01579
01580
01581
01582
01583
01585
01587
01588
01591
01594
01596
01597
01601
01603
01604
01609
01615
01616
01617
01618
01623
01625
01626
01628
01629
01631
01633
01634
01635
01641
01643
01645
01646
01649
01653
01655
01658
01661
01662
01663
01664
01665
01666
01667
01668
01669
01670
01671
01673
01676
01677
01681
01682
01684
01685
01686
01687
01689
01690
01694
01696
01698
01700
01701
01706
01707
01713
01714
01715
01716
01717
01718
01719
01720
01721
01722
01723
01724
01726
01728
01729
01730
01732
01734
01736
01737
01738
01740
01741
01742
01744
01746
01747
01748
01750
01755
01760
01762
01763
01768
01769
01770
01773
01774
01775
01776
01777
01780
01784
01785
01786
01787
01792
01793
01797
01800
01801
01803
01804
01805
01806
01811
01812
01813
01817
01818
01821
01823
01824
01827
01831
01834
01835
01836
01837
01838
01839
01841
01843
01846
01847
01848
01849
01850
01852
01856
01862
01863
01864
01865
01867
01870
01873
01875
01876
01877
01878
01879
01884
01885
01886
01887
01891
01892
01894
01895
01898
01900
01901
01902
01903
01905
01907
01909
01910
01911
01912
01915
01917
01918
01919
01920
01922
01926
01930
01931
01932
01937
01939
01946
01948
01950
01953
01956
01957
01959
01960
01963
01964
01965
01966
01968
01971
01972
01973
01974
01976
01983
01984
01986
01988
01989
01991
01994
01996
01997
01998
01999
02000
02003
02008
02009
02010
02012
02015
02016
02017
02018
02021
02022
02023
02025
02032
02034
02035
02036
02037
02038
02040
02041
02042
02044
02045
02046
02048
02051
02054
02055
02060
02061
02064
02067
02068
02069
02078
02081
02082
02083
02084
02088
02089
02091
02094
02095
02096
02097
02100
02103
02104
02105
02106
02108
02109
02111
02112
02116
02117
02119
02120
02122
02123
02126
02130
02140
02141
02143
02145
02146
02147
02148
02153
02155
02157
02159
02160
02161
02163
02165
02166
02168
02171
02173
02174
02175
02179
02181
02182
02186
02187
02189
02192
02195
02198
02199
02200
02205
02207
02211
02212
02213
02214
02215
02216
02219
02220
02221
02222
02224
02227
02228
02229
02231
02232
02233
02235
02236
02238
02241
02245
02248
02251
02253
02255
02260
02261
02262
02263
02266
02270
02271
02274
02275
02281
02282
02283
02284
02289
02291
02294
02295
02296
02297
02298
02299
02300
02301
02302
02309
02310
02311
02312
02314
02315
02318
02320
02323
02324
02325
02331
02335
02336
02337
02343
02344
02345
02346
02347
02348
02349
02350
02356
02359
02360
02361
02363
02367
02370
02372
02373
02374
02379
02380
02381
02382
02384
02387
02397
02410
02411
02413
02416
02418
02421
02423
02425
02426
02428
02430
02431
02435
02437
02438
02439
02440
02443
02445
02446
02448
02449
02452
02454
02455
02456
02457
02460
02461
02462
02463
02464
02466
02467
02468
02471
02472
02473
02474
02475
02479
02480
02483
02484
02485
02486
02487
02489
02493
02496
02497
02502
02503
02505
02506
02507
02509
02513
02515
02516
02519
02522
02524
02525
02529
02532
02534
02535
02540
02541
02542
02543
02544
02547
02548
02549
02552
02554
02556
02558
02560
02568
02570
02571
02573
02575
02581
02584
02589
02590
02591
02592
02593
02594
02597
02600
02601
02602
02604
02606
02607
02608
02614
02616
02621
02622
02626
02627
02629
02630
02634
02635
02636
02637
02638
02640
02641
02643
02645
02647
02650
02652
02653
02655
02658
02660
02661
02664
02666
02667
02668
02669
02670
02673
02674
02676
02678
02681
02682
02684
02687
02688
02689
02693
02695
02698
02699
02702
02703
02708
02709
02711
02715
02716
02723
02724
02725
02727
02729
02730
02734
02742
02746
02748
02750
02751
02754
02756
02757
02758
02759
02760
02761
02763
02766
02767
02769
02771
02774
02776
02779
02780
02781
02785
02786
02787
02790
02792
02796
02797
02801
02803
02804
02805
02806
02807
02808
02814
02815
02822
02824
02826
02827
02829
02831
02834
02840
02841
02842
02843
02846
02847
02848
02849
02850
02855
02856
02857
02860
02863
02867
02869
02870
02871
02872
02874
02877
02878
02880
02882
02884
02886
02890
02893
02894
02895
02896
02897
02900
02902
02903
02904
02905
02906
02908
02909
02910
02911
02915
02917
02921
02923
02924
02928
02929
02930
02931
02932
02933
02935
02936
02937
02939
02940
02941
02944
02948
02949
02950
02952
02954
02955
02956
02959
02962
02965
02966
02968
02970
02971
02976
02978
02979
02982
02985
02987
02989
02990
02991
02993
03001
03002
03004
03005
03007
03008
03009
03010
03011
03012
03015
03016
03019
03022
03024
03026
03027
03029
03030
03031
03032
03033
03034
03038
03042
03045
03047
03048
03050
03053
03057
03058
03059
03064
03066
03069
03070
03071
03072
03075
03081
03089
03090
03093
03097
03099
03101
03102
03103
03104
03107
03108
03109
03110
03111
03112
03113
03116
03119
03122
03124
03126
03127
03131
03133
03134
03135
03137
03139
03141
03142
03143
03146
03147
03149
03150
03151
03156
03158
03159
03163
03164
03166
03168
03170
03172
03175
03176
03178
03180
03181
03182
03184
03185
03187
03188
03190
03191
03192
03195
03196
03197
03200
03204
03206
03207
03208
03211
03212
03213
03216
03217
03219
03221
03223
03224
03225
03228
03229
03230
03231
03236
03237
03239
03240
03242
03243
03246
03247
03249
03250
03254
03255
03257
03260
03262
03264
03265
03269
03270
03271
03272
03274
03275
03281
03283
03284
03285
03286
03287
03289
03290
03291
03293
03294
03296
03297
03298
03306
03309
03313
03319
03324
03325
03326
03327
03328
03330
03332
03334
03335
03336
03337
03339
03340
03342
03344
03345
03347
03352
03353
03355
03356
03358
03359
03361
03363
03364
03365
03367
03369
03370
03371
03372
03373
03374
03375
03377
03378
03379
03380
03382
03385
03387
03389
03391
03394
03395
03398
03400
03401
03405
03406
03407
03408
03410
03411
03412
03414
03416
03418
03422
03424
03425
03426
03427
03429
03432
03434
03435
03441
03442
03445
03446
03448
03451
03452
03453
03454
03455
03456
03457
03459
03462
03463
03464
03466
03467
03468
03470
03471
03472
03473
03476
03477
03480
03483
03486
03488
03490
03492
03494
03495
03496
03497
03501
03503
03504
03507
03510
03511
03514
03515
03517
03518
03519
03521
03522
03523
03525
03528
03529
03530
03531
03536
03537
03541
03542
03545
03547
03553
03554
03555
03556
03557
03562
03563
03564
03565
03567
03568
03571
03573
03574
03576
03577
03580
03582
03587
03588
03592
03593
03594
03596
03598
03599
03602
03605
03606
03609
03610
03614
03615
03619
03621
03622
03623
03625
03626
03629
03632
03633
03635
03637
03641
03642
03650
03652
03655
03656
03657
03658
03659
03661
03662
03664
03665
03666
03673
03675
03677
03678
03679
03680
03682
03684
03685
03687
03688
03691
03694
03696
03702
03706
03708
03709
03713
03714
03721
03723
03724
03726
03730
03737
03740
03742
03745
03747
03748
03749
03750
03751
03756
03757
03758
03759
03760
03761
03762
03767
03769
03771
03775
03776
03777
03780
03782
03785
03787
03788
03789
03790
03793
03795
03796
03797
03802
03803
03806
03808
03811
03814
03816
03817
03818
03819
03820
03821
03823
03826
03827
03828
03829
03830
03833
03835
03836
03842
03847
03848
03851
03852
03853
03856
03857
03858
03859
03860
03862
03867
03872
03873
03877
03882
03885
03886
03887
03888
03896
03897
03901
03903
03905
03906
03916
03917
03918
03919
03921
03922
03926
03929
03932
03933
03936
03937
03940
03946
03948
03950
03951
03953
03960
03962
03963
03964
03966
03969
03972
03973
03976
03979
03982
03983
03984
03986
03987
03988
03989
03990
03991
03992
03997
03998
03999
04001
04002
04006
04008
04009
04010
04017
04021
04022
04025
04027
04028
04030
04031
04036
04037
04039
04041
04042
04043
04044
04050
04053
04055
04057
04058
04059
04063
04064
04065
04066
04068
04070
04071
04074
04075
04079
04080
04081
04083
04084
04086
04087
04088
04091
04096
04097
04103
04106
04107
04112
04113
04114
04116
04119
04120
04125
04126
04128
04129
04131
04132
04136
04137
04141
04143
04144
04145
04146
04148
04151
04154
04155
04157
04158
04161
04163
04166
04171
04175
04180
04182
04184
04188
04192
04193
04194
04195
04196
04199
04200
04201
04204
04210
04213
04214
04221
04225
04227
04228
04233
04234
04235
04237
04238
04241
04242
04245
04250
04252
04253
04254
04256
04258
04261
04262
04265
04268
04269
04272
04278
04279
04280
04281
04287
04290
04292
04293
04295
04297
04300
04307
04308
04309
04312
04313
04317
04321
04322
04323
04324
04325
04328
04329
04330
04336
04338
04341
04344
04345
04346
04349
04350
04354
04356
04357
04358
04360
04363
04365
04367
04371
04372
04373
04376
04378
04379
04383
04386
04390
04391
04392
04394
04396
04398
04399
04401
04402
04403
04404
04405
04408
04409
04410
04411
04413
04415
04418
04419
04424
04425
04429
04430
04431
04435
04436
04437
04439
04443
04444
04445
04450
04451
04454
04455
04457
04459
04460
04461
04462
04465
04466
04475
04477
04478
04479
04480
04483
04484
04486
04488
04491
04492
04493
04494
04497
04499
04501
04503
04504
04505
04506
04507
04509
04510
04511
04512
04513
04514
04517
04520
04522
04523
04525
04526
04528
04529
04530
04533
04536
04538
04541
04542
04543
04544
04545
04548
04549
04550
04555
04557
04558
04561
04563
04564
04567
04569
04570
04572
04573
04574
04578
04579
04584
04586
04587
04588
04589
04591
04595
04597
04599
04603
04604
04605
04606
04608
04609
04610
04611
04613
04615
04620
04621
04627
04628
04629
04630
04631
04632
04633
04634
04635
04639
04640
04641
04642
04643
04649
04652
04654
04655
04657
04659
04660
04662
04663
04665
04666
04668
04669
04670
04671
04672
04673
04675
04678
04681
04682
04684
04693
04697
04698
04700
04703
04704
04709
04710
04720
04721
04724
04727
04730
04731
04732
04733
04736
04738
04740
04741
04742
04743
04746
04749
04750
04751
04752
04753
04756
04758
04766
04767
04770
04772
04778
04780
04781
04783
04786
04787
04789
04790
04791
04793
04794
04795
04796
04797
04801
04804
