02605
02606
02607
02608
02609
02610
02611
02612
02613
02614
02615
02616
02617
02618
02619
02620
02621
02622
02623
02624
02625
02626
02627
02628
02629
02630
02631
02632
02633
02634
02635
02636
02637
02638
02639
02640
02641
02642
02643
02644
02645
02646
02647
02648
02649
02650
02651
02652
02653
02654
02655
02656
02657
02658
02659
02660
02661
02662
02663
02664
02665
02666
02667
02668
02669
02670
02671
02672
02673
02674
02675
02676
02677
02678
02679
02680
02681
02682
02683
02684
02685
02686
02687
02688
02689
02690
02691
02692
02693
02694
02695
02696
02697
02698
02699
02700
02701
02702
02703
02704
02705
02706
02707
02708
02709
02710
02711
02712
02713
02714
02715
02716
02717
02718
02719
02720
02721
02722
02723
02724
02725
02726
02727
02728
02729
02730
02731
02732
02733
02734
02735
02736
02737
02738
02739
02740
02741
02742
02743
02744
02745
02746
02747
02748
02749
02750
02751
02752
02753
02754
02755
02756
02757
02758
02759
02760
02761
02762
02763
02764
02765
02766
02767
02768
02769
02770
02771
02772
02773
02774
02775
02776
02777
02778
02779
02780
02781
02782
02783
02784
02785
02786
02787
02788
02789
02790
02791
02792
02793
02794
02795
02796
02797
02798
02799
02800
02801
02802
02803
02804
02805
02806
02807
02808
02809
02810
02811
02812
02813
02814
02815
02816
02817
02818
02819
02820
02821
02822
02823
02824
02825
02826
02827
02828
02829
02830
02831
02832
02833
02834
02835
02836
02837
02838
02839
02840
02841
02842
02843
02844
02845
02846
02847
02848
02849
02850
02851
02852
02853
02854
02855
02856
02857
02858
02859
02860
02861
02862
02863
02864
02865
02866
02867
02868
02869
02870
02871
02872
02873
02874
02875
02876
02877
02878
02879
02880
02881
02882
02883
02884
02885
02886
02887
02888
02889
02890
02891
02892
02893
02894
02895
02896
02897
02898
02899
02900
02901
02902
02903
02904
02905
02906
02907
02908
02909
02910
02911
02912
02913
02914
02915
02916
02917
02918
02919
02920
02921
02922
02923
02924
02925
02926
02927
02928
02929
02930
02931
02932
02933
02934
02935
02936
02937
02938
02939
02940
02941
02942
02943
02944
02945
02946
02947
02948
02949
02950
02951
02952
02953
02954
02955
02956
02957
02958
02959
02960
02961
02962
02963
02964
02965
02966
02967
02968
02969
02970
02971
02972
02973
02974
02975
02976
02977
02978
02979
02980
02981
02982
02983
02984
02985
02986
02987
02988
02989
02990
02991
02992
02993
02994
02995
02996
02997
02998
02999
03000
03001
03002
03003
03004
03005
03006
03007
03008
03009
03010
03011
03012
03013
03014
03015
03016
03017
03018
03019
03020
03021
03022
03023
03024
03025
03026
03027
03028
03029
03030
03031
03032
03033
03034
03035
03036
03037
03038
03039
03040
03041
03042
03043
03044
03045
03046
03047
03048
03049
03050
03051
03052
03053
03054
03055
03056
03057
03058
03059
03060
03061
03062
03063
03064
03065
03066
03067
03068
03069
03070
03071
03072
03073
03074
03075
03076
03077
03078
03079
03080
03081
03082
03083
03084
03085
03086
03087
03088
03089
03090
03091
03092
03093
03094
03095
03096
03097
03098
03099
03100
03101
03102
03103
03104
03105
03106
03107
03108
03109
03110
03111
03112
03113
03114
03115
03116
03117
03118
03119
03120
03121
03122
03123
03124
03125
03126
03127
03128
03129
03130
03131
03132
03133
03134
03135
03136
03137
03138
03139
03140
03141
03142
03143
03144
03145
03146
03147
03148
03149
03150
03151
03152
03153
03154
03155
03156
03157
03158
03159
03160
03161
03162
03163
03164
03165
03166
03167
03168
03169
03170
03171
03172
03173
03174
03175
03176
03177
03178
03179
03180
03181
03182
03183
03184
03185
03186
03187
03188
03189
03190
03191
03192
03193
03194
03195
03196
03197
03198
03199
03200
03201
03202
03203
03204
03205
03206
03207
03208
03209
03210
03211
03212
03213
03214
03215
03216
03217
03218
03219
03220
03221
03222
03223
03224
03225
03226
03227
03228
03229
03230
03231
03232
03233
03234
03235
03236
03237
03238
03239
03240
03241
03242
03243
03244
03245
03246
03247
03248
03249
03250
03251
03252
03253
03254
03255
03256
03257
03258
03259
03260
03261
03262
03263
03264
03265
03266
03267
03268
03269
03270
03271
03272
03273
03274
03275
03276
03277
03278
03279
03280
03281
03282
03283
03284
03285
03286
03287
03288
03289
03290
03291
03292
03293
03294
03295
03296
03297
03298
03299
03300
03301
03302
03303
03304
03305
03306
03307
03308
03309
03310
03311
03312
03313
03314
03315
03316
03317
03318
03319
03320
03321
03322
03323
03324
03325
03326
03327
03328
03329
03330
03331
03332
03333
03334
03335
03336
03337
03338
03339
03340
03341
03342
03343
03344
03345
03346
03347
03348
03349
03350
03351
03352
03353
03354
03355
03356
03357
03358
03359
03360
03361
03362
03363
03364
03365
03366
03367
03368
03369
03370
03371
03372
03373
03374
03375
03376
03377
03378
03379
03380
03381
03382
03383
03384
03385
03386
03387
03388
03389
03390
03391
03392
03393
03394
03395
03396
03397
03398
03399
03400
03401
03402
03403
03404
03405
03406
03407
03408
03409
03410
03411
03412
03413
03414
03415
03416
03417
03418
03419
03420
03421
03422
03423
03424
03425
03426
03427
03428
03429
03430
03431
03432
03433
03434
03435
03436
03437
03438
03439
03440
03441
03442
03443
03444
03445
03446
03447
03448
03449
03450
03451
03452
03453
03454
03455
03456
03457
03458
03459
03460
03461
03462
03463
03464
03465
03466
03467
03468
03469
03470
03471
03472
03473
03474
03475
03476
03477
03478
03479
03480
03481
03482
03483
03484
03485
03486
03487
03488
03489
03490
03491
03492
03493
03494
03495
03496
03497
03498
03499
03500
03501
03502
03503
03504
03505
03506
03507
03508
03509
03510
03511
03512
03513
03514
03515
03516
03517
03518
03519
03520
03521
03522
03523
03524
03525
03526
03527
03528
03529
03530
03531
03532
03533
03534
03535
03536
03537
03538
03539
03540
03541
03542
03543
03544
03545
03546
03547
03548
03549
03550
03551
03552
03553
03554
03555
03556
03557
03558
03559
03560
03561
03562
03563
03564
03565
03566
03567
03568
03569
03570
03571
03572
03573
03574
03575
03576
03577
03578
03579
03580
03581
03582
03583
03584
03585
03586
03587
03588
03589
03590
03591
03592
03593
03594
03595
03596
03597
03598
03599
03600
03601
03602
03603
03604
03605
03606
03607
03608
03609
03610
03611
03612
03613
03614
03615
03616
03617
03618
03619
03620
03621
03622
03623
03624
03625
03626
03627
03628
03629
03630
03631
03632
03633
03634
03635
03636
03637
03638
03639
03640
03641
03642
03643
03644
03645
03646
03647
03648
03649
03650
03651
03652
03653
03654
03655
03656
03657
03658
03659
03660
03661
03662
03663
03664
03665
03666
03667
03668
03669
03670
03671
03672
03673
03674
03675
03676
03677
03678
03679
03680
03681
03682
03683
03684
03685
03686
03687
03688
03689
03690
03691
03692
03693
03694
03695
03696
03697
03698
03699
03700
03701
03702
03703
03704
03705
03706
03707
03708
03709
03710
03711
03712
03713
03714
03715
03716
03717
03718
03719
03720
03721
03722
03723
03724
03725
03726
03727
03728
03729
03730
03731
03732
03733
03734
03735
03736
03737
03738
03739
03740
03741
03742
03743
03744
03745
03746
03747
03748
03749
03750
03751
03752
03753
03754
03755
03756
03757
03758
03759
03760
03761
03762
03763
03764
03765
03766
03767
03768
03769
03770
03771
03772
03773
03774
03775
03776
03777
03778
03779
03780
03781
03782
03783
03784
03785
03786
03787
03788
03789
03790
03791
03792
03793
03794
03795
03796
03797
03798
03799
03800
03801
03802
03803
03804
03805
03806
03807
03808
03809
03810
03811
03812
03813
03814
03815
03816
03817
03818
03819
03820
03821
03822
03823
03824
03825
03826
03827
03828
03829
03830
03831
03832
03833
03834
03835
03836
03837
03838
03839
03840
03841
03842
03843
03844
03845
03846
03847
03848
03849
03850
03851
03852
03853
03854
03855
03856
03857
03858
03859
03860
03861
03862
03863
03864
03865
03866
03867
03868
03869
03870
03871
03872
03873
03874
03875
03876
03877
03878
03879
03880
03881
03882
03883
03884
03885
03886
03887
03888
03889
03890
03891
03892
03893
03894
03895
03896
03897
03898
03899
03900
03901
03902
03903
03904
03905
03906
03907
03908
03909
03910
03911
03912
03913
03914
03915
03916
03917
03918
03919
03920
03921
03922
03923
03924
03925
03926
03927
03928
03929
03930
03931
03932
03933
03934
03935
03936
03937
03938
03939
03940
03941
03942
03943
03944
03945
03946
03947
03948
03949
03950
03951
03952
03953
03954
03955
03956
03957
03958
03959
03960
03961
03962
03963
03964
03965
03966
03967
03968
03969
03970
03971
03972
03973
03974
03975
03976
03977
03978
03979
03980
03981
03982
03983
03984
03985
03986
03987
03988
03989
03990
03991
03992
03993
03994
03995
03996
03997
03998
03999
04000
04001
04002
04003
04004
04005
04006
04007
04008
04009
04010
04011
04012
04013
04014
04015
04016
04017
04018
04019
04020
04021
04022
04023
04024
04025
04026
04027
04028
04029
04030
04031
04032
04033
04034
04035
04036
04037
04038
04039
04040
04041
04042
04043
04044
04045
04046
04047
04048
04049
04050
04051
04052
04053
04054
04055
04056
04057
04058
04059
04060
04061
04062
04063
04064
04065
04066
04067
04068
04069
04070
04071
04072
04073
04074
04075
04076
04077
04078
04079
04080
04081
04082
04083
04084
04085
04086
04087
04088
04089
04090
04091
04092
04093
04094
04095
04096
04097
04098
04099
04100
04101
04102
04103
04104
04105
04106
04107
04108
04109
04110
04111
04112
04113
04114
04115
04116
04117
04118
04119
04120
04121
04122
04123
04124
04125
04126
04127
04128
04129
04130
04131
04132
04133
04134
04135
04136
04137
04138
04139
04140
04141
04142
04143
04144
04145
04146
04147
04148
04149
04150
04151
04152
04153
04154
04155
04156
04157
04158
04159
04160
04161
04162
04163
04164
04165
04166
04167
04168
04169
04170
04171
04172
04173
04174
04175
04176
04177
04178
04179
04180
04181
04182
04183
04184
04185
04186
04187
04188
04189
04190
04191
04192
04193
04194
04195
04196
04197
04198
04199
04200
04201
04202
04203
04204
04205
04206
04207
04208
04209
04210
04211
04212
04213
04214
04215
04216
04217
04218
04219
04220
04221
04222
04223
04224
04225
04226
04227
04228
04229
04230
04231
04232
04233
04234
04235
04236
04237
04238
04239
04240
04241
04242
04243
04244
04245
04246
04247
04248
04249
04250
04251
04252
04253
04254
04255
04256
04257
04258
04259
04260
04261
04262
04263
04264
04265
04266
04267
04268
04269
04270
04271
04272
04273
04274
04275
04276
04277
04278
04279
04280
04281
04282
04283
04284
04285
04286
04287
04288
04289
04290
04291
04292
04293
04294
04295
04296
04297
04298
04299
04300
04301
04302
04303
04304
04305
04306
04307
04308
04309
04310
04311
04312
04313
04314
04315
04316
04317
04318
04319
04320
04321
04322
04323
04324
04325
04326
04327
04328
04329
04330
04331
04332
04333
04334
04335
04336
04337
04338
04339
04340
04341
04342
04343
04344
04345
04346
04347
04348
04349
04350
04351
04352
04353
04354
04355
04356
04357
04358
04359
04360
04361
04362
04363
04364
04365
04366
04367
04368
04369
04370
04371
04372
04373
04374
04375
04376
04377
04378
04379
04380
04381
04382
04383
04384
04385
04386
04387
04388
04389
04390
04391
04392
04393
04394
04395
04396
04397
04398
04399
04400
04401
04402
04403
04404
04405
04406
04407
04408
04409
04410
04411
04412
04413
04414
04415
04416
04417
04418
04419
04420
04421
04422
04423
04424
04425
04426
04427
04428
04429
04430
04431
04432
04433
04434
04435
04436
04437
04438
04439
04440
04441
04442
04443
04444
04445
04446
04447
04448
04449
04450
04451
04452
04453
04454
04455
04456
04457
04458
04459
04460
04461
04462
04463
04464
04465
04466
04467
04468
04469
04470
04471
04472
04473
04474
04475
04476
04477
04478
04479
04480
04481
04482
04483
04484
04485
04486
04487
04488
04489
04490
04491
04492
04493
04494
04495
04496
04497
04498
04499
04500
04501
04502
04503
04504
04505
04506
04507
04508
04509
04510
04511
04512
04513
04514
04515
04516
04517
04518
04519
04520
04521
04522
04523
04524
04525
04526
04527
04528
04529
04530
04531
04532
04533
04534
04535
04536
04537
04538
04539
04540
04541
04542
04543
04544
04545
04546
04547
04548
04549
04550
04551
04552
04553
04554
04555
04556
04557
04558
04559
04560
04561
04562
04563
04564
04565
04566
04567
04568
04569
04570
04571
04572
04573
04574
04575
04576
04577
04578
04579
04580
04581
04582
04583
04584
04585
04586
04587
04588
04589
04590
04591
04592
04593
04594
04595
04596
04597
04598
04599
04600
04601
04602
04603
04604
04605
04606
04607
04608
04609
04610
04611
04612
04613
04614
04615
04616
04617
04618
04619
04620
04621
04622
04623
04624
04625
04626
04627
04628
04629
04630
04631
04632
04633
04634
04635
04636
04637
04638
04639
04640
04641
04642
04643
04644
04645
04646
04647
04648
04649
04650
04651
04652
04653
04654
04655
04656
04657
04658
04659
04660
04661
04662
04663
04664
04665
04666
04667
04668
04669
04670
04671
04672
04673
04674
04675
04676
04677
04678
04679
04680
04681
04682
04683
04684
04685
04686
04687
04688
04689
04690
04691
04692
04693
04694
04695
04696
04697
04698
04699
04700
04701
04702
04703
04704
04705
04706
04707
04708
04709
04710
04711
04712
04713
04714
04715
04716
04717
04718
04719
04720
04721
04722
04723
04724
04725
04726
04727
04728
04729
04730
04731
04732
04733
04734
04735
04736
04737
04738
04739
04740
04741
04742
04743
04744
04745
04746
04747
04748
04749
04750
04751
04752
04753
04754
04755
04756
04757
04758
04759
04760
04761
04762
04763
04764
04765
04766
04767
04768
04769
04770
04771
04772
04773
04774
04775
04776
04777
04778
04779
04780
04781
04782
04783
04784
04785
04786
04787
04788
04789
04790
04791
04792
04793
04794
04795
04796
04797
04798
04799
04800
04801
04802
04803
04804
